2 20 20 
8
0 -1 0 1 1 2 -1
1 0 1 1 3 4 -1
2 0 1 0 5 6 -1
3 1 2 0 7 8 -1
4 1 2 1 9 10 -1
5 2 2 0 11 12 -1
6 2 2 0 13 14 -1
7 3 3 1 15 16 -1
8 3 3 0 17 18 -1
9 4 3 0 19 20 -1
10 4 3 0 21 22 -1
11 5 3 0 23 24 -1
12 5 3 0 25 26 -1
13 6 3 0 27 28 -1
14 6 3 0 29 30 -1
15 7 4 1 31 32 -1
16 7 4 0 33 34 -1
17 8 4 0 35 36 -1
18 8 4 0 37 38 -1
19 9 4 1 39 40 -1
20 9 4 1 41 42 -1
21 10 4 0 43 44 -1
22 10 4 1 45 46 -1
23 11 4 0 47 48 -1
24 11 4 0 49 50 -1
25 12 4 0 51 52 -1
26 12 4 0 53 54 -1
27 13 4 0 55 56 -1
28 13 4 0 57 58 -1
29 14 4 0 59 60 -1
30 14 4 0 61 62 -1
31 15 5 0 63 64 -1
32 15 5 0 65 66 -1
33 16 5 1 67 68 -1
34 16 5 1 69 70 -1
35 17 5 1 71 72 -1
36 17 5 0 73 74 -1
37 18 5 0 75 76 -1
38 18 5 0 77 78 -1
39 19 5 0 79 80 -1
40 19 5 0 81 82 -1
41 20 5 0 83 84 -1
42 20 5 0 85 86 -1
43 21 5 0 87 88 -1
44 21 5 1 89 90 -1
45 22 5 0 91 92 -1
46 22 5 1 93 94 -1
47 23 5 0 95 96 -1
48 23 5 0 97 98 -1
49 24 5 0 99 100 -1
50 24 5 0 101 102 -1
51 25 5 0 103 104 -1
52 25 5 0 105 106 -1
53 26 5 0 107 108 -1
54 26 5 0 109 110 -1
55 27 5 0 111 112 -1
56 27 5 0 113 114 -1
57 28 5 0 115 116 -1
58 28 5 0 117 118 -1
59 29 5 1 119 120 -1
60 29 5 0 121 122 -1
61 30 5 0 123 124 -1
62 30 5 0 125 126 -1
63 31 6 0 127 128 -1
64 31 6 0 129 130 -1
65 32 6 1 131 132 -1
66 32 6 0 133 134 -1
67 33 6 1 135 136 -1
68 33 6 1 137 138 -1
69 34 6 1 139 140 -1
70 34 6 0 141 142 -1
71 35 6 0 143 144 -1
72 35 6 1 145 146 -1
73 36 6 0 147 148 -1
74 36 6 0 149 150 -1
75 37 6 0 151 152 -1
76 37 6 0 153 154 -1
77 38 6 0 155 156 -1
78 38 6 0 157 158 -1
79 39 6 0 159 160 -1
80 39 6 1 161 162 -1
81 40 6 0 163 164 -1
82 40 6 1 165 166 -1
83 41 6 0 167 168 -1
84 41 6 0 169 170 -1
85 42 6 0 171 172 -1
86 42 6 0 173 174 -1
87 43 6 0 175 176 -1
88 43 6 0 177 178 -1
89 44 6 0 179 180 -1
90 44 6 0 181 182 -1
91 45 6 1 183 184 -1
92 45 6 1 185 186 -1
93 46 6 1 187 188 -1
94 46 6 0 189 190 -1
95 47 6 0 191 192 -1
96 47 6 0 193 194 -1
97 48 6 0 195 196 -1
98 48 6 0 197 198 -1
99 49 6 0 199 200 -1
100 49 6 0 201 202 -1
101 50 6 0 203 204 -1
102 50 6 1 205 206 -1
103 51 6 0 207 208 -1
104 51 6 0 209 210 -1
105 52 6 0 211 212 -1
106 52 6 0 213 214 -1
107 53 6 0 215 216 -1
108 53 6 0 217 218 -1
109 54 6 0 219 220 -1
110 54 6 0 221 222 -1
111 55 6 0 223 224 -1
112 55 6 0 225 226 -1
113 56 6 0 227 228 -1
114 56 6 0 229 230 -1
115 57 6 0 231 232 -1
116 57 6 0 233 234 -1
117 58 6 0 235 236 -1
118 58 6 0 237 238 -1
119 59 6 1 239 240 -1
120 59 6 0 241 242 -1
121 60 6 1 243 244 -1
122 60 6 0 245 246 -1
123 61 6 0 247 248 -1
124 61 6 0 249 250 -1
125 62 6 0 251 252 -1
126 62 6 0 253 254 -1
127 63 7 0 255 256 -1
128 63 7 0 257 258 -1
129 64 7 0 259 260 -1
130 64 7 0 261 262 -1
131 65 7 0 263 264 -1
132 65 7 0 265 266 -1
133 66 7 0 267 268 -1
134 66 7 1 269 270 -1
135 67 7 1 271 272 -1
136 67 7 1 273 274 -1
137 68 7 1 275 276 -1
138 68 7 1 277 278 -1
139 69 7 1 279 280 -1
140 69 7 0 281 282 -1
141 70 7 1 283 284 -1
142 70 7 0 285 286 -1
143 71 7 0 287 288 -1
144 71 7 0 289 290 -1
145 72 7 0 291 292 -1
146 72 7 0 293 294 -1
147 73 7 1 295 296 -1
148 73 7 1 297 298 -1
149 74 7 0 299 300 -1
150 74 7 0 301 302 -1
151 75 7 0 303 304 -1
152 75 7 0 305 306 -1
153 76 7 0 307 308 -1
154 76 7 0 309 310 -1
155 77 7 0 311 312 -1
156 77 7 0 313 314 -1
157 78 7 0 315 316 -1
158 78 7 0 317 318 -1
159 79 7 0 319 320 -1
160 79 7 0 321 322 -1
161 80 7 0 323 324 -1
162 80 7 1 325 326 -1
163 81 7 0 327 328 -1
164 81 7 1 329 330 -1
165 82 7 0 331 332 -1
166 82 7 0 333 334 -1
167 83 7 0 335 336 -1
168 83 7 1 337 338 -1
169 84 7 0 339 340 -1
170 84 7 0 341 342 -1
171 85 7 0 343 344 -1
172 85 7 1 345 346 -1
173 86 7 0 347 348 -1
174 86 7 0 349 350 -1
175 87 7 0 351 352 -1
176 87 7 0 353 354 -1
177 88 7 0 355 356 -1
178 88 7 1 357 358 -1
179 89 7 1 359 360 -1
180 89 7 0 361 362 -1
181 90 7 0 363 364 -1
182 90 7 0 365 366 -1
183 91 7 0 367 368 -1
184 91 7 1 369 370 -1
185 92 7 0 371 372 -1
186 92 7 0 373 374 -1
187 93 7 1 375 376 -1
188 93 7 0 377 378 -1
189 94 7 0 379 380 -1
190 94 7 1 381 382 -1
191 95 7 0 383 384 -1
192 95 7 0 385 386 -1
193 96 7 0 387 388 -1
194 96 7 0 389 390 -1
195 97 7 0 391 392 -1
196 97 7 0 393 394 -1
197 98 7 0 395 396 -1
198 98 7 0 397 398 -1
199 99 7 0 399 400 -1
200 99 7 0 401 402 -1
201 100 7 0 403 404 -1
202 100 7 0 405 406 -1
203 101 7 0 407 408 -1
204 101 7 0 409 410 -1
205 102 7 0 411 412 -1
206 102 7 0 413 414 -1
207 103 7 0 415 416 -1
208 103 7 0 417 418 -1
209 104 7 0 419 420 -1
210 104 7 0 421 422 -1
211 105 7 0 423 424 -1
212 105 7 0 425 426 -1
213 106 7 0 427 428 -1
214 106 7 0 429 430 -1
215 107 7 0 431 432 -1
216 107 7 0 433 434 -1
217 108 7 0 435 436 -1
218 108 7 0 437 438 -1
219 109 7 0 439 440 -1
220 109 7 0 441 442 -1
221 110 7 0 443 444 -1
222 110 7 0 445 446 -1
223 111 7 0 447 448 -1
224 111 7 0 449 450 -1
225 112 7 0 451 452 -1
226 112 7 0 453 454 -1
227 113 7 0 455 456 -1
228 113 7 0 457 458 -1
229 114 7 0 459 460 -1
230 114 7 0 461 462 -1
231 115 7 0 463 464 -1
232 115 7 0 465 466 -1
233 116 7 0 467 468 -1
234 116 7 0 469 470 -1
235 117 7 0 471 472 -1
236 117 7 0 473 474 -1
237 118 7 0 475 476 -1
238 118 7 0 477 478 -1
239 119 7 1 479 480 -1
240 119 7 0 481 482 -1
241 120 7 0 483 484 -1
242 120 7 0 485 486 -1
243 121 7 0 487 488 -1
244 121 7 0 489 490 -1
245 122 7 0 491 492 -1
246 122 7 0 493 494 -1
247 123 7 0 495 496 -1
248 123 7 0 497 498 -1
249 124 7 0 499 500 -1
250 124 7 0 501 502 -1
251 125 7 0 503 504 -1
252 125 7 0 505 506 -1
253 126 7 0 507 508 -1
254 126 7 0 509 510 -1
255 127 8 0 511 512 -1
256 127 8 0 513 514 -1
257 128 8 0 515 516 -1
258 128 8 0 517 518 -1
259 129 8 0 519 520 -1
260 129 8 0 521 522 -1
261 130 8 0 523 524 -1
262 130 8 0 525 526 -1
263 131 8 0 527 528 -1
264 131 8 0 529 530 -1
265 132 8 1 531 532 -1
266 132 8 0 533 534 -1
267 133 8 0 535 536 -1
268 133 8 0 537 538 -1
269 134 8 0 539 540 -1
270 134 8 0 541 542 -1
271 135 8 0 543 544 -1
272 135 8 1 545 546 -1
273 136 8 0 547 548 -1
274 136 8 1 549 550 -1
275 137 8 0 551 552 -1
276 137 8 1 553 554 -1
277 138 8 1 555 556 -1
278 138 8 0 557 558 -1
279 139 8 1 559 560 -1
280 139 8 0 561 562 -1
281 140 8 1 563 564 -1
282 140 8 0 565 566 -1
283 141 8 0 567 568 -1
284 141 8 0 569 570 -1
285 142 8 0 571 572 -1
286 142 8 1 573 574 -1
287 143 8 0 575 576 -1
288 143 8 0 577 578 -1
289 144 8 0 579 580 -1
290 144 8 0 581 582 -1
291 145 8 1 583 584 -1
292 145 8 0 585 586 -1
293 146 8 1 587 588 -1
294 146 8 0 589 590 -1
295 147 8 0 591 592 -1
296 147 8 0 593 594 -1
297 148 8 0 595 596 -1
298 148 8 0 597 598 -1
299 149 8 1 599 600 -1
300 149 8 0 601 602 -1
301 150 8 0 603 604 -1
302 150 8 0 605 606 -1
303 151 8 0 607 608 -1
304 151 8 0 609 610 -1
305 152 8 0 611 612 -1
306 152 8 0 613 614 -1
307 153 8 0 615 616 -1
308 153 8 0 617 618 -1
309 154 8 0 619 620 -1
310 154 8 0 621 622 -1
311 155 8 0 623 624 -1
312 155 8 0 625 626 -1
313 156 8 0 627 628 -1
314 156 8 0 629 630 -1
315 157 8 0 631 632 -1
316 157 8 0 633 634 -1
317 158 8 0 635 636 -1
318 158 8 0 637 638 -1
319 159 8 0 639 640 -1
320 159 8 0 641 642 -1
321 160 8 0 643 644 -1
322 160 8 0 645 646 -1
323 161 8 0 647 648 -1
324 161 8 0 649 650 -1
325 162 8 1 651 652 -1
326 162 8 0 653 654 -1
327 163 8 0 655 656 -1
328 163 8 0 657 658 -1
329 164 8 0 659 660 -1
330 164 8 0 661 662 -1
331 165 8 0 663 664 -1
332 165 8 0 665 666 -1
333 166 8 0 667 668 -1
334 166 8 0 669 670 -1
335 167 8 1 671 672 -1
336 167 8 1 673 674 -1
337 168 8 1 675 676 -1
338 168 8 0 677 678 -1
339 169 8 0 679 680 -1
340 169 8 0 681 682 -1
341 170 8 0 683 684 -1
342 170 8 0 685 686 -1
343 171 8 0 687 688 -1
344 171 8 0 689 690 -1
345 172 8 0 691 692 -1
346 172 8 1 693 694 -1
347 173 8 0 695 696 -1
348 173 8 0 697 698 -1
349 174 8 0 699 700 -1
350 174 8 0 701 702 -1
351 175 8 0 703 704 -1
352 175 8 0 705 706 -1
353 176 8 0 707 708 -1
354 176 8 0 709 710 -1
355 177 8 0 711 712 -1
356 177 8 0 713 714 -1
357 178 8 0 715 716 -1
358 178 8 0 717 718 -1
359 179 8 0 719 720 -1
360 179 8 0 721 722 -1
361 180 8 1 723 724 -1
362 180 8 0 725 726 -1
363 181 8 0 727 728 -1
364 181 8 0 729 730 -1
365 182 8 0 731 732 -1
366 182 8 0 733 734 -1
367 183 8 1 735 736 -1
368 183 8 1 737 738 -1
369 184 8 0 739 740 -1
370 184 8 0 741 742 -1
371 185 8 0 743 744 -1
372 185 8 0 745 746 -1
373 186 8 0 747 748 -1
374 186 8 1 749 750 -1
375 187 8 1 751 752 -1
376 187 8 0 753 754 -1
377 188 8 0 755 756 -1
378 188 8 0 757 758 -1
379 189 8 0 759 760 -1
380 189 8 0 761 762 -1
381 190 8 0 763 764 -1
382 190 8 0 765 766 -1
383 191 8 0 767 768 -1
384 191 8 0 769 770 -1
385 192 8 0 771 772 -1
386 192 8 0 773 774 -1
387 193 8 0 775 776 -1
388 193 8 0 777 778 -1
389 194 8 0 779 780 -1
390 194 8 0 781 782 -1
391 195 8 0 783 784 -1
392 195 8 0 785 786 -1
393 196 8 0 787 788 -1
394 196 8 0 789 790 -1
395 197 8 0 791 792 -1
396 197 8 0 793 794 -1
397 198 8 0 795 796 -1
398 198 8 0 797 798 -1
399 199 8 0 799 800 -1
400 199 8 0 801 802 -1
401 200 8 0 803 804 -1
402 200 8 0 805 806 -1
403 201 8 0 807 808 -1
404 201 8 0 809 810 -1
405 202 8 0 811 812 -1
406 202 8 0 813 814 -1
407 203 8 0 815 816 -1
408 203 8 0 817 818 -1
409 204 8 0 819 820 -1
410 204 8 0 821 822 -1
411 205 8 1 823 824 -1
412 205 8 0 825 826 -1
413 206 8 0 827 828 -1
414 206 8 0 829 830 -1
415 207 8 0 831 832 -1
416 207 8 0 833 834 -1
417 208 8 0 835 836 -1
418 208 8 0 837 838 -1
419 209 8 0 839 840 -1
420 209 8 0 841 842 -1
421 210 8 0 843 844 -1
422 210 8 0 845 846 -1
423 211 8 0 847 848 -1
424 211 8 0 849 850 -1
425 212 8 0 851 852 -1
426 212 8 0 853 854 -1
427 213 8 0 855 856 -1
428 213 8 0 857 858 -1
429 214 8 0 859 860 -1
430 214 8 0 861 862 -1
431 215 8 0 863 864 -1
432 215 8 0 865 866 -1
433 216 8 0 867 868 -1
434 216 8 0 869 870 -1
435 217 8 0 871 872 -1
436 217 8 0 873 874 -1
437 218 8 0 875 876 -1
438 218 8 0 877 878 -1
439 219 8 0 879 880 -1
440 219 8 0 881 882 -1
441 220 8 0 883 884 -1
442 220 8 0 885 886 -1
443 221 8 0 887 888 -1
444 221 8 0 889 890 -1
445 222 8 0 891 892 -1
446 222 8 0 893 894 -1
447 223 8 0 895 896 -1
448 223 8 0 897 898 -1
449 224 8 0 899 900 -1
450 224 8 0 901 902 -1
451 225 8 0 903 904 -1
452 225 8 0 905 906 -1
453 226 8 0 907 908 -1
454 226 8 0 909 910 -1
455 227 8 0 911 912 -1
456 227 8 0 913 914 -1
457 228 8 0 915 916 -1
458 228 8 0 917 918 -1
459 229 8 0 919 920 -1
460 229 8 0 921 922 -1
461 230 8 0 923 924 -1
462 230 8 0 925 926 -1
463 231 8 0 927 928 -1
464 231 8 1 929 930 -1
465 232 8 0 931 932 -1
466 232 8 0 933 934 -1
467 233 8 0 935 936 -1
468 233 8 0 937 938 -1
469 234 8 0 939 940 -1
470 234 8 0 941 942 -1
471 235 8 0 943 944 -1
472 235 8 0 945 946 -1
473 236 8 0 947 948 -1
474 236 8 0 949 950 -1
475 237 8 0 951 952 -1
476 237 8 0 953 954 -1
477 238 8 0 955 956 -1
478 238 8 0 957 958 -1
479 239 8 0 959 960 -1
480 239 8 1 961 962 -1
481 240 8 0 963 964 -1
482 240 8 0 965 966 -1
483 241 8 0 967 968 -1
484 241 8 0 969 970 -1
485 242 8 0 971 972 -1
486 242 8 0 973 974 -1
487 243 8 1 975 976 -1
488 243 8 1 977 978 -1
489 244 8 0 979 980 -1
490 244 8 0 981 982 -1
491 245 8 0 983 984 -1
492 245 8 0 985 986 -1
493 246 8 0 987 988 -1
494 246 8 0 989 990 -1
495 247 8 0 991 992 -1
496 247 8 0 993 994 -1
497 248 8 0 995 996 -1
498 248 8 0 997 998 -1
499 249 8 0 999 1000 -1
500 249 8 0 1001 1002 -1
501 250 8 0 1003 1004 -1
502 250 8 0 1005 1006 -1
503 251 8 0 1007 1008 -1
504 251 8 0 1009 1010 -1
505 252 8 0 1011 1012 -1
506 252 8 0 1013 1014 -1
507 253 8 0 1015 1016 -1
508 253 8 0 1017 1018 -1
509 254 8 0 1019 1020 -1
510 254 8 0 1021 1022 -1
511 255 9 -1 -1 -1 -1
512 255 9 -1 -1 -1 -1
513 256 9 -1 -1 -1 -1
514 256 9 -1 -1 -1 -1
515 257 9 -1 -1 -1 -1
516 257 9 -1 -1 -1 -1
517 258 9 -1 -1 -1 -1
518 258 9 -1 -1 -1 -1
519 259 9 -1 -1 -1 -1
520 259 9 -1 -1 -1 -1
521 260 9 -1 -1 -1 -1
522 260 9 -1 -1 -1 -1
523 261 9 -1 -1 -1 -1
524 261 9 -1 -1 -1 -1
525 262 9 -1 -1 -1 -1
526 262 9 -1 -1 -1 -1
527 263 9 -1 -1 -1 -1
528 263 9 -1 -1 -1 -1
529 264 9 -1 -1 -1 -1
530 264 9 -1 -1 -1 -1
531 265 9 -1 -1 -1 -1
532 265 9 -1 -1 -1 -1
533 266 9 -1 -1 -1 -1
534 266 9 -1 -1 -1 -1
535 267 9 -1 -1 -1 -1
536 267 9 -1 -1 -1 -1
537 268 9 -1 -1 -1 -1
538 268 9 -1 -1 -1 -1
539 269 9 -1 -1 -1 -1
540 269 9 -1 -1 -1 -1
541 270 9 -1 -1 -1 -1
542 270 9 -1 -1 -1 -1
543 271 9 -1 -1 -1 -1
544 271 9 -1 -1 -1 -1
545 272 9 -1 -1 -1 -1
546 272 9 -1 -1 -1 -1
547 273 9 -1 -1 -1 -1
548 273 9 -1 -1 -1 -1
549 274 9 -1 -1 -1 -1
550 274 9 -1 -1 -1 -1
551 275 9 -1 -1 -1 -1
552 275 9 -1 -1 -1 -1
553 276 9 -1 -1 -1 -1
554 276 9 -1 -1 -1 -1
555 277 9 -1 -1 -1 -1
556 277 9 -1 -1 -1 -1
557 278 9 -1 -1 -1 -1
558 278 9 -1 -1 -1 -1
559 279 9 -1 -1 -1 -1
560 279 9 -1 -1 -1 -1
561 280 9 -1 -1 -1 -1
562 280 9 -1 -1 -1 -1
563 281 9 -1 -1 -1 -1
564 281 9 -1 -1 -1 -1
565 282 9 -1 -1 -1 -1
566 282 9 -1 -1 -1 -1
567 283 9 -1 -1 -1 -1
568 283 9 -1 -1 -1 -1
569 284 9 -1 -1 -1 -1
570 284 9 -1 -1 -1 -1
571 285 9 -1 -1 -1 -1
572 285 9 -1 -1 -1 -1
573 286 9 -1 -1 -1 -1
574 286 9 -1 -1 -1 -1
575 287 9 -1 -1 -1 -1
576 287 9 -1 -1 -1 -1
577 288 9 -1 -1 -1 -1
578 288 9 -1 -1 -1 -1
579 289 9 -1 -1 -1 -1
580 289 9 -1 -1 -1 -1
581 290 9 -1 -1 -1 -1
582 290 9 -1 -1 -1 -1
583 291 9 -1 -1 -1 -1
584 291 9 -1 -1 -1 -1
585 292 9 -1 -1 -1 -1
586 292 9 -1 -1 -1 -1
587 293 9 -1 -1 -1 -1
588 293 9 -1 -1 -1 -1
589 294 9 -1 -1 -1 -1
590 294 9 -1 -1 -1 -1
591 295 9 -1 -1 -1 -1
592 295 9 -1 -1 -1 -1
593 296 9 -1 -1 -1 -1
594 296 9 -1 -1 -1 -1
595 297 9 -1 -1 -1 -1
596 297 9 -1 -1 -1 -1
597 298 9 -1 -1 -1 -1
598 298 9 -1 -1 -1 -1
599 299 9 -1 -1 -1 -1
600 299 9 -1 -1 -1 -1
601 300 9 -1 -1 -1 -1
602 300 9 -1 -1 -1 -1
603 301 9 -1 -1 -1 -1
604 301 9 -1 -1 -1 -1
605 302 9 -1 -1 -1 -1
606 302 9 -1 -1 -1 -1
607 303 9 -1 -1 -1 -1
608 303 9 -1 -1 -1 -1
609 304 9 -1 -1 -1 -1
610 304 9 -1 -1 -1 -1
611 305 9 -1 -1 -1 -1
612 305 9 -1 -1 -1 -1
613 306 9 -1 -1 -1 -1
614 306 9 -1 -1 -1 -1
615 307 9 -1 -1 -1 -1
616 307 9 -1 -1 -1 -1
617 308 9 -1 -1 -1 -1
618 308 9 -1 -1 -1 -1
619 309 9 -1 -1 -1 -1
620 309 9 -1 -1 -1 -1
621 310 9 -1 -1 -1 -1
622 310 9 -1 -1 -1 -1
623 311 9 -1 -1 -1 -1
624 311 9 -1 -1 -1 -1
625 312 9 -1 -1 -1 -1
626 312 9 -1 -1 -1 -1
627 313 9 -1 -1 -1 -1
628 313 9 -1 -1 -1 -1
629 314 9 -1 -1 -1 -1
630 314 9 -1 -1 -1 -1
631 315 9 -1 -1 -1 -1
632 315 9 -1 -1 -1 -1
633 316 9 -1 -1 -1 -1
634 316 9 -1 -1 -1 -1
635 317 9 -1 -1 -1 -1
636 317 9 -1 -1 -1 -1
637 318 9 -1 -1 -1 -1
638 318 9 -1 -1 -1 -1
639 319 9 -1 -1 -1 -1
640 319 9 -1 -1 -1 -1
641 320 9 -1 -1 -1 -1
642 320 9 -1 -1 -1 -1
643 321 9 -1 -1 -1 -1
644 321 9 -1 -1 -1 -1
645 322 9 -1 -1 -1 -1
646 322 9 -1 -1 -1 -1
647 323 9 -1 -1 -1 -1
648 323 9 -1 -1 -1 -1
649 324 9 -1 -1 -1 -1
650 324 9 -1 -1 -1 -1
651 325 9 -1 -1 -1 -1
652 325 9 -1 -1 -1 -1
653 326 9 -1 -1 -1 -1
654 326 9 -1 -1 -1 -1
655 327 9 -1 -1 -1 -1
656 327 9 -1 -1 -1 -1
657 328 9 -1 -1 -1 -1
658 328 9 -1 -1 -1 -1
659 329 9 -1 -1 -1 -1
660 329 9 -1 -1 -1 -1
661 330 9 -1 -1 -1 -1
662 330 9 -1 -1 -1 -1
663 331 9 -1 -1 -1 -1
664 331 9 -1 -1 -1 -1
665 332 9 -1 -1 -1 -1
666 332 9 -1 -1 -1 -1
667 333 9 -1 -1 -1 -1
668 333 9 -1 -1 -1 -1
669 334 9 -1 -1 -1 -1
670 334 9 -1 -1 -1 -1
671 335 9 -1 -1 -1 -1
672 335 9 -1 -1 -1 -1
673 336 9 -1 -1 -1 -1
674 336 9 -1 -1 -1 -1
675 337 9 -1 -1 -1 -1
676 337 9 -1 -1 -1 -1
677 338 9 -1 -1 -1 -1
678 338 9 -1 -1 -1 -1
679 339 9 -1 -1 -1 -1
680 339 9 -1 -1 -1 -1
681 340 9 -1 -1 -1 -1
682 340 9 -1 -1 -1 -1
683 341 9 -1 -1 -1 -1
684 341 9 -1 -1 -1 -1
685 342 9 -1 -1 -1 -1
686 342 9 -1 -1 -1 -1
687 343 9 -1 -1 -1 -1
688 343 9 -1 -1 -1 -1
689 344 9 -1 -1 -1 -1
690 344 9 -1 -1 -1 -1
691 345 9 -1 -1 -1 -1
692 345 9 -1 -1 -1 -1
693 346 9 -1 -1 -1 -1
694 346 9 -1 -1 -1 -1
695 347 9 -1 -1 -1 -1
696 347 9 -1 -1 -1 -1
697 348 9 -1 -1 -1 -1
698 348 9 -1 -1 -1 -1
699 349 9 -1 -1 -1 -1
700 349 9 -1 -1 -1 -1
701 350 9 -1 -1 -1 -1
702 350 9 -1 -1 -1 -1
703 351 9 -1 -1 -1 -1
704 351 9 -1 -1 -1 -1
705 352 9 -1 -1 -1 -1
706 352 9 -1 -1 -1 -1
707 353 9 -1 -1 -1 -1
708 353 9 -1 -1 -1 -1
709 354 9 -1 -1 -1 -1
710 354 9 -1 -1 -1 -1
711 355 9 -1 -1 -1 -1
712 355 9 -1 -1 -1 -1
713 356 9 -1 -1 -1 -1
714 356 9 -1 -1 -1 -1
715 357 9 -1 -1 -1 -1
716 357 9 -1 -1 -1 -1
717 358 9 -1 -1 -1 -1
718 358 9 -1 -1 -1 -1
719 359 9 -1 -1 -1 -1
720 359 9 -1 -1 -1 -1
721 360 9 -1 -1 -1 -1
722 360 9 -1 -1 -1 -1
723 361 9 -1 -1 -1 -1
724 361 9 -1 -1 -1 -1
725 362 9 -1 -1 -1 -1
726 362 9 -1 -1 -1 -1
727 363 9 -1 -1 -1 -1
728 363 9 -1 -1 -1 -1
729 364 9 -1 -1 -1 -1
730 364 9 -1 -1 -1 -1
731 365 9 -1 -1 -1 -1
732 365 9 -1 -1 -1 -1
733 366 9 -1 -1 -1 -1
734 366 9 -1 -1 -1 -1
735 367 9 -1 -1 -1 -1
736 367 9 -1 -1 -1 -1
737 368 9 -1 -1 -1 -1
738 368 9 -1 -1 -1 -1
739 369 9 -1 -1 -1 -1
740 369 9 -1 -1 -1 -1
741 370 9 -1 -1 -1 -1
742 370 9 -1 -1 -1 -1
743 371 9 -1 -1 -1 -1
744 371 9 -1 -1 -1 -1
745 372 9 -1 -1 -1 -1
746 372 9 -1 -1 -1 -1
747 373 9 -1 -1 -1 -1
748 373 9 -1 -1 -1 -1
749 374 9 -1 -1 -1 -1
750 374 9 -1 -1 -1 -1
751 375 9 -1 -1 -1 -1
752 375 9 -1 -1 -1 -1
753 376 9 -1 -1 -1 -1
754 376 9 -1 -1 -1 -1
755 377 9 -1 -1 -1 -1
756 377 9 -1 -1 -1 -1
757 378 9 -1 -1 -1 -1
758 378 9 -1 -1 -1 -1
759 379 9 -1 -1 -1 -1
760 379 9 -1 -1 -1 -1
761 380 9 -1 -1 -1 -1
762 380 9 -1 -1 -1 -1
763 381 9 -1 -1 -1 -1
764 381 9 -1 -1 -1 -1
765 382 9 -1 -1 -1 -1
766 382 9 -1 -1 -1 -1
767 383 9 -1 -1 -1 -1
768 383 9 -1 -1 -1 -1
769 384 9 -1 -1 -1 -1
770 384 9 -1 -1 -1 -1
771 385 9 -1 -1 -1 -1
772 385 9 -1 -1 -1 -1
773 386 9 -1 -1 -1 -1
774 386 9 -1 -1 -1 -1
775 387 9 -1 -1 -1 -1
776 387 9 -1 -1 -1 -1
777 388 9 -1 -1 -1 -1
778 388 9 -1 -1 -1 -1
779 389 9 -1 -1 -1 -1
780 389 9 -1 -1 -1 -1
781 390 9 -1 -1 -1 -1
782 390 9 -1 -1 -1 -1
783 391 9 -1 -1 -1 -1
784 391 9 -1 -1 -1 -1
785 392 9 -1 -1 -1 -1
786 392 9 -1 -1 -1 -1
787 393 9 -1 -1 -1 -1
788 393 9 -1 -1 -1 -1
789 394 9 -1 -1 -1 -1
790 394 9 -1 -1 -1 -1
791 395 9 -1 -1 -1 -1
792 395 9 -1 -1 -1 -1
793 396 9 -1 -1 -1 -1
794 396 9 -1 -1 -1 -1
795 397 9 -1 -1 -1 -1
796 397 9 -1 -1 -1 -1
797 398 9 -1 -1 -1 -1
798 398 9 -1 -1 -1 -1
799 399 9 -1 -1 -1 -1
800 399 9 -1 -1 -1 -1
801 400 9 -1 -1 -1 -1
802 400 9 -1 -1 -1 -1
803 401 9 -1 -1 -1 -1
804 401 9 -1 -1 -1 -1
805 402 9 -1 -1 -1 -1
806 402 9 -1 -1 -1 -1
807 403 9 -1 -1 -1 -1
808 403 9 -1 -1 -1 -1
809 404 9 -1 -1 -1 -1
810 404 9 -1 -1 -1 -1
811 405 9 -1 -1 -1 -1
812 405 9 -1 -1 -1 -1
813 406 9 -1 -1 -1 -1
814 406 9 -1 -1 -1 -1
815 407 9 -1 -1 -1 -1
816 407 9 -1 -1 -1 -1
817 408 9 -1 -1 -1 -1
818 408 9 -1 -1 -1 -1
819 409 9 -1 -1 -1 -1
820 409 9 -1 -1 -1 -1
821 410 9 -1 -1 -1 -1
822 410 9 -1 -1 -1 -1
823 411 9 -1 -1 -1 -1
824 411 9 -1 -1 -1 -1
825 412 9 -1 -1 -1 -1
826 412 9 -1 -1 -1 -1
827 413 9 -1 -1 -1 -1
828 413 9 -1 -1 -1 -1
829 414 9 -1 -1 -1 -1
830 414 9 -1 -1 -1 -1
831 415 9 -1 -1 -1 -1
832 415 9 -1 -1 -1 -1
833 416 9 -1 -1 -1 -1
834 416 9 -1 -1 -1 -1
835 417 9 -1 -1 -1 -1
836 417 9 -1 -1 -1 -1
837 418 9 -1 -1 -1 -1
838 418 9 -1 -1 -1 -1
839 419 9 -1 -1 -1 -1
840 419 9 -1 -1 -1 -1
841 420 9 -1 -1 -1 -1
842 420 9 -1 -1 -1 -1
843 421 9 -1 -1 -1 -1
844 421 9 -1 -1 -1 -1
845 422 9 -1 -1 -1 -1
846 422 9 -1 -1 -1 -1
847 423 9 -1 -1 -1 -1
848 423 9 -1 -1 -1 -1
849 424 9 -1 -1 -1 -1
850 424 9 -1 -1 -1 -1
851 425 9 -1 -1 -1 -1
852 425 9 -1 -1 -1 -1
853 426 9 -1 -1 -1 -1
854 426 9 -1 -1 -1 -1
855 427 9 -1 -1 -1 -1
856 427 9 -1 -1 -1 -1
857 428 9 -1 -1 -1 -1
858 428 9 -1 -1 -1 -1
859 429 9 -1 -1 -1 -1
860 429 9 -1 -1 -1 -1
861 430 9 -1 -1 -1 -1
862 430 9 -1 -1 -1 -1
863 431 9 -1 -1 -1 -1
864 431 9 -1 -1 -1 -1
865 432 9 -1 -1 -1 -1
866 432 9 -1 -1 -1 -1
867 433 9 -1 -1 -1 -1
868 433 9 -1 -1 -1 -1
869 434 9 -1 -1 -1 -1
870 434 9 -1 -1 -1 -1
871 435 9 -1 -1 -1 -1
872 435 9 -1 -1 -1 -1
873 436 9 -1 -1 -1 -1
874 436 9 -1 -1 -1 -1
875 437 9 -1 -1 -1 -1
876 437 9 -1 -1 -1 -1
877 438 9 -1 -1 -1 -1
878 438 9 -1 -1 -1 -1
879 439 9 -1 -1 -1 -1
880 439 9 -1 -1 -1 -1
881 440 9 -1 -1 -1 -1
882 440 9 -1 -1 -1 -1
883 441 9 -1 -1 -1 -1
884 441 9 -1 -1 -1 -1
885 442 9 -1 -1 -1 -1
886 442 9 -1 -1 -1 -1
887 443 9 -1 -1 -1 -1
888 443 9 -1 -1 -1 -1
889 444 9 -1 -1 -1 -1
890 444 9 -1 -1 -1 -1
891 445 9 -1 -1 -1 -1
892 445 9 -1 -1 -1 -1
893 446 9 -1 -1 -1 -1
894 446 9 -1 -1 -1 -1
895 447 9 -1 -1 -1 -1
896 447 9 -1 -1 -1 -1
897 448 9 -1 -1 -1 -1
898 448 9 -1 -1 -1 -1
899 449 9 -1 -1 -1 -1
900 449 9 -1 -1 -1 -1
901 450 9 -1 -1 -1 -1
902 450 9 -1 -1 -1 -1
903 451 9 -1 -1 -1 -1
904 451 9 -1 -1 -1 -1
905 452 9 -1 -1 -1 -1
906 452 9 -1 -1 -1 -1
907 453 9 -1 -1 -1 -1
908 453 9 -1 -1 -1 -1
909 454 9 -1 -1 -1 -1
910 454 9 -1 -1 -1 -1
911 455 9 -1 -1 -1 -1
912 455 9 -1 -1 -1 -1
913 456 9 -1 -1 -1 -1
914 456 9 -1 -1 -1 -1
915 457 9 -1 -1 -1 -1
916 457 9 -1 -1 -1 -1
917 458 9 -1 -1 -1 -1
918 458 9 -1 -1 -1 -1
919 459 9 -1 -1 -1 -1
920 459 9 -1 -1 -1 -1
921 460 9 -1 -1 -1 -1
922 460 9 -1 -1 -1 -1
923 461 9 -1 -1 -1 -1
924 461 9 -1 -1 -1 -1
925 462 9 -1 -1 -1 -1
926 462 9 -1 -1 -1 -1
927 463 9 -1 -1 -1 -1
928 463 9 -1 -1 -1 -1
929 464 9 -1 -1 -1 -1
930 464 9 -1 -1 -1 -1
931 465 9 -1 -1 -1 -1
932 465 9 -1 -1 -1 -1
933 466 9 -1 -1 -1 -1
934 466 9 -1 -1 -1 -1
935 467 9 -1 -1 -1 -1
936 467 9 -1 -1 -1 -1
937 468 9 -1 -1 -1 -1
938 468 9 -1 -1 -1 -1
939 469 9 -1 -1 -1 -1
940 469 9 -1 -1 -1 -1
941 470 9 -1 -1 -1 -1
942 470 9 -1 -1 -1 -1
943 471 9 -1 -1 -1 -1
944 471 9 -1 -1 -1 -1
945 472 9 -1 -1 -1 -1
946 472 9 -1 -1 -1 -1
947 473 9 -1 -1 -1 -1
948 473 9 -1 -1 -1 -1
949 474 9 -1 -1 -1 -1
950 474 9 -1 -1 -1 -1
951 475 9 -1 -1 -1 -1
952 475 9 -1 -1 -1 -1
953 476 9 -1 -1 -1 -1
954 476 9 -1 -1 -1 -1
955 477 9 -1 -1 -1 -1
956 477 9 -1 -1 -1 -1
957 478 9 -1 -1 -1 -1
958 478 9 -1 -1 -1 -1
959 479 9 -1 -1 -1 -1
960 479 9 -1 -1 -1 -1
961 480 9 -1 -1 -1 -1
962 480 9 -1 -1 -1 -1
963 481 9 -1 -1 -1 -1
964 481 9 -1 -1 -1 -1
965 482 9 -1 -1 -1 -1
966 482 9 -1 -1 -1 -1
967 483 9 -1 -1 -1 -1
968 483 9 -1 -1 -1 -1
969 484 9 -1 -1 -1 -1
970 484 9 -1 -1 -1 -1
971 485 9 -1 -1 -1 -1
972 485 9 -1 -1 -1 -1
973 486 9 -1 -1 -1 -1
974 486 9 -1 -1 -1 -1
975 487 9 -1 -1 -1 -1
976 487 9 -1 -1 -1 -1
977 488 9 -1 -1 -1 -1
978 488 9 -1 -1 -1 -1
979 489 9 -1 -1 -1 -1
980 489 9 -1 -1 -1 -1
981 490 9 -1 -1 -1 -1
982 490 9 -1 -1 -1 -1
983 491 9 -1 -1 -1 -1
984 491 9 -1 -1 -1 -1
985 492 9 -1 -1 -1 -1
986 492 9 -1 -1 -1 -1
987 493 9 -1 -1 -1 -1
988 493 9 -1 -1 -1 -1
989 494 9 -1 -1 -1 -1
990 494 9 -1 -1 -1 -1
991 495 9 -1 -1 -1 -1
992 495 9 -1 -1 -1 -1
993 496 9 -1 -1 -1 -1
994 496 9 -1 -1 -1 -1
995 497 9 -1 -1 -1 -1
996 497 9 -1 -1 -1 -1
997 498 9 -1 -1 -1 -1
998 498 9 -1 -1 -1 -1
999 499 9 -1 -1 -1 -1
1000 499 9 -1 -1 -1 -1
1001 500 9 -1 -1 -1 -1
1002 500 9 -1 -1 -1 -1
1003 501 9 -1 -1 -1 -1
1004 501 9 -1 -1 -1 -1
1005 502 9 -1 -1 -1 -1
1006 502 9 -1 -1 -1 -1
1007 503 9 -1 -1 -1 -1
1008 503 9 -1 -1 -1 -1
1009 504 9 -1 -1 -1 -1
1010 504 9 -1 -1 -1 -1
1011 505 9 -1 -1 -1 -1
1012 505 9 -1 -1 -1 -1
1013 506 9 -1 -1 -1 -1
1014 506 9 -1 -1 -1 -1
1015 507 9 -1 -1 -1 -1
1016 507 9 -1 -1 -1 -1
1017 508 9 -1 -1 -1 -1
1018 508 9 -1 -1 -1 -1
1019 509 9 -1 -1 -1 -1
1020 509 9 -1 -1 -1 -1
1021 510 9 -1 -1 -1 -1
1022 510 9 -1 -1 -1 -1
