2 20 20
8
0 -1 0 0 1 2 -1
1 0 1 0 3 4 -1
2 0 1 1 5 6 -1
3 1 2 0 7 8 -1
4 1 2 1 9 10 -1
5 2 2 1 11 12 -1
6 2 2 0 13 14 -1
7 3 3 1 15 16 -1
8 3 3 0 17 18 -1
9 4 3 1 19 20 -1
10 4 3 0 21 22 -1
11 5 3 0 23 24 -1
12 5 3 0 25 26 -1
13 6 3 1 27 28 -1
14 6 3 0 29 30 -1
15 7 4 1 31 32 -1
16 7 4 0 33 34 -1
17 8 4 1 35 36 -1
18 8 4 0 37 38 -1
19 9 4 1 39 40 -1
20 9 4 1 41 42 -1
21 10 4 0 43 44 -1
22 10 4 0 45 46 -1
23 11 4 1 47 48 -1
24 11 4 1 49 50 -1
25 12 4 0 51 52 -1
26 12 4 1 53 54 -1
27 13 4 1 55 56 -1
28 13 4 1 57 58 -1
29 14 4 0 59 60 -1
30 14 4 1 61 62 -1
31 15 5 0 63 64 -1
32 15 5 0 65 66 -1
33 16 5 1 67 68 -1
34 16 5 1 69 70 -1
35 17 5 1 71 72 -1
36 17 5 1 73 74 -1
37 18 5 0 75 76 -1
38 18 5 1 77 78 -1
39 19 5 0 79 80 -1
40 19 5 1 81 82 -1
41 20 5 1 83 84 -1
42 20 5 1 85 86 -1
43 21 5 1 87 88 -1
44 21 5 1 89 90 -1
45 22 5 0 91 92 -1
46 22 5 0 93 94 -1
47 23 5 0 95 96 -1
48 23 5 0 97 98 -1
49 24 5 0 99 100 -1
50 24 5 0 101 102 -1
51 25 5 1 103 104 -1
52 25 5 1 105 106 -1
53 26 5 0 107 108 -1
54 26 5 0 109 110 -1
55 27 5 0 111 112 -1
56 27 5 0 113 114 -1
57 28 5 0 115 116 -1
58 28 5 1 117 118 -1
59 29 5 1 119 120 -1
60 29 5 1 121 122 -1
61 30 5 1 123 124 -1
62 30 5 0 125 126 -1
63 31 6 1 127 128 -1
64 31 6 1 129 130 -1
65 32 6 0 131 132 -1
66 32 6 1 133 134 -1
67 33 6 0 135 136 -1
68 33 6 0 137 138 -1
69 34 6 0 139 140 -1
70 34 6 0 141 142 -1
71 35 6 0 143 144 -1
72 35 6 1 145 146 -1
73 36 6 1 147 148 -1
74 36 6 0 149 150 -1
75 37 6 0 151 152 -1
76 37 6 1 153 154 -1
77 38 6 1 155 156 -1
78 38 6 0 157 158 -1
79 39 6 1 159 160 -1
80 39 6 1 161 162 -1
81 40 6 1 163 164 -1
82 40 6 1 165 166 -1
83 41 6 1 167 168 -1
84 41 6 1 169 170 -1
85 42 6 0 171 172 -1
86 42 6 0 173 174 -1
87 43 6 0 175 176 -1
88 43 6 0 177 178 -1
89 44 6 0 179 180 -1
90 44 6 0 181 182 -1
91 45 6 0 183 184 -1
92 45 6 1 185 186 -1
93 46 6 1 187 188 -1
94 46 6 0 189 190 -1
95 47 6 0 191 192 -1
96 47 6 0 193 194 -1
97 48 6 0 195 196 -1
98 48 6 1 197 198 -1
99 49 6 1 199 200 -1
100 49 6 1 201 202 -1
101 50 6 1 203 204 -1
102 50 6 1 205 206 -1
103 51 6 0 207 208 -1
104 51 6 0 209 210 -1
105 52 6 1 211 212 -1
106 52 6 0 213 214 -1
107 53 6 1 215 216 -1
108 53 6 1 217 218 -1
109 54 6 1 219 220 -1
110 54 6 1 221 222 -1
111 55 6 1 223 224 -1
112 55 6 1 225 226 -1
113 56 6 0 227 228 -1
114 56 6 1 229 230 -1
115 57 6 1 231 232 -1
116 57 6 1 233 234 -1
117 58 6 0 235 236 -1
118 58 6 0 237 238 -1
119 59 6 0 239 240 -1
120 59 6 1 241 242 -1
121 60 6 0 243 244 -1
122 60 6 0 245 246 -1
123 61 6 0 247 248 -1
124 61 6 1 249 250 -1
125 62 6 1 251 252 -1
126 62 6 1 253 254 -1
127 63 7 0 255 256 -1
128 63 7 0 257 258 -1
129 64 7 0 259 260 -1
130 64 7 0 261 262 -1
131 65 7 0 263 264 -1
132 65 7 1 265 266 -1
133 66 7 0 267 268 -1
134 66 7 1 269 270 -1
135 67 7 1 271 272 -1
136 67 7 1 273 274 -1
137 68 7 1 275 276 -1
138 68 7 1 277 278 -1
139 69 7 1 279 280 -1
140 69 7 1 281 282 -1
141 70 7 1 283 284 -1
142 70 7 1 285 286 -1
143 71 7 1 287 288 -1
144 71 7 1 289 290 -1
145 72 7 1 291 292 -1
146 72 7 0 293 294 -1
147 73 7 0 295 296 -1
148 73 7 1 297 298 -1
149 74 7 1 299 300 -1
150 74 7 1 301 302 -1
151 75 7 0 303 304 -1
152 75 7 1 305 306 -1
153 76 7 0 307 308 -1
154 76 7 0 309 310 -1
155 77 7 0 311 312 -1
156 77 7 1 313 314 -1
157 78 7 1 315 316 -1
158 78 7 1 317 318 -1
159 79 7 0 319 320 -1
160 79 7 0 321 322 -1
161 80 7 0 323 324 -1
162 80 7 0 325 326 -1
163 81 7 1 327 328 -1
164 81 7 0 329 330 -1
165 82 7 1 331 332 -1
166 82 7 1 333 334 -1
167 83 7 1 335 336 -1
168 83 7 1 337 338 -1
169 84 7 0 339 340 -1
170 84 7 0 341 342 -1
171 85 7 0 343 344 -1
172 85 7 1 345 346 -1
173 86 7 0 347 348 -1
174 86 7 1 349 350 -1
175 87 7 1 351 352 -1
176 87 7 1 353 354 -1
177 88 7 1 355 356 -1
178 88 7 1 357 358 -1
179 89 7 1 359 360 -1
180 89 7 1 361 362 -1
181 90 7 1 363 364 -1
182 90 7 1 365 366 -1
183 91 7 0 367 368 -1
184 91 7 1 369 370 -1
185 92 7 0 371 372 -1
186 92 7 0 373 374 -1
187 93 7 0 375 376 -1
188 93 7 0 377 378 -1
189 94 7 1 379 380 -1
190 94 7 0 381 382 -1
191 95 7 1 383 384 -1
192 95 7 1 385 386 -1
193 96 7 1 387 388 -1
194 96 7 1 389 390 -1
195 97 7 1 391 392 -1
196 97 7 1 393 394 -1
197 98 7 0 395 396 -1
198 98 7 0 397 398 -1
199 99 7 0 399 400 -1
200 99 7 0 401 402 -1
201 100 7 0 403 404 -1
202 100 7 0 405 406 -1
203 101 7 0 407 408 -1
204 101 7 0 409 410 -1
205 102 7 0 411 412 -1
206 102 7 0 413 414 -1
207 103 7 1 415 416 -1
208 103 7 1 417 418 -1
209 104 7 1 419 420 -1
210 104 7 1 421 422 -1
211 105 7 0 423 424 -1
212 105 7 1 425 426 -1
213 106 7 0 427 428 -1
214 106 7 1 429 430 -1
215 107 7 0 431 432 -1
216 107 7 0 433 434 -1
217 108 7 0 435 436 -1
218 108 7 0 437 438 -1
219 109 7 0 439 440 -1
220 109 7 0 441 442 -1
221 110 7 0 443 444 -1
222 110 7 0 445 446 -1
223 111 7 0 447 448 -1
224 111 7 0 449 450 -1
225 112 7 0 451 452 -1
226 112 7 0 453 454 -1
227 113 7 1 455 456 -1
228 113 7 1 457 458 -1
229 114 7 0 459 460 -1
230 114 7 0 461 462 -1
231 115 7 0 463 464 -1
232 115 7 0 465 466 -1
233 116 7 0 467 468 -1
234 116 7 0 469 470 -1
235 117 7 1 471 472 -1
236 117 7 1 473 474 -1
237 118 7 1 475 476 -1
238 118 7 1 477 478 -1
239 119 7 1 479 480 -1
240 119 7 0 481 482 -1
241 120 7 1 483 484 -1
242 120 7 1 485 486 -1
243 121 7 1 487 488 -1
244 121 7 1 489 490 -1
245 122 7 1 491 492 -1
246 122 7 1 493 494 -1
247 123 7 1 495 496 -1
248 123 7 1 497 498 -1
249 124 7 0 499 500 -1
250 124 7 0 501 502 -1
251 125 7 0 503 504 -1
252 125 7 0 505 506 -1
253 126 7 1 507 508 -1
254 126 7 0 509 510 -1
255 127 8 -1 -1 -1 -1
256 127 8 -1 -1 -1 -1
257 128 8 -1 -1 -1 -1
258 128 8 -1 -1 -1 -1
259 129 8 -1 -1 -1 -1
260 129 8 -1 -1 -1 -1
261 130 8 -1 -1 -1 -1
262 130 8 -1 -1 -1 -1
263 131 8 -1 -1 -1 -1
264 131 8 -1 -1 -1 -1
265 132 8 -1 -1 -1 -1
266 132 8 -1 -1 -1 -1
267 133 8 -1 -1 -1 -1
268 133 8 -1 -1 -1 -1
269 134 8 -1 -1 -1 -1
270 134 8 -1 -1 -1 -1
271 135 8 -1 -1 -1 -1
272 135 8 -1 -1 -1 -1
273 136 8 -1 -1 -1 -1
274 136 8 -1 -1 -1 -1
275 137 8 -1 -1 -1 -1
276 137 8 -1 -1 -1 -1
277 138 8 -1 -1 -1 -1
278 138 8 -1 -1 -1 -1
279 139 8 -1 -1 -1 -1
280 139 8 -1 -1 -1 -1
281 140 8 -1 -1 -1 -1
282 140 8 -1 -1 -1 -1
283 141 8 -1 -1 -1 -1
284 141 8 -1 -1 -1 -1
285 142 8 -1 -1 -1 -1
286 142 8 -1 -1 -1 -1
287 143 8 -1 -1 -1 -1
288 143 8 -1 -1 -1 -1
289 144 8 -1 -1 -1 -1
290 144 8 -1 -1 -1 -1
291 145 8 -1 -1 -1 -1
292 145 8 -1 -1 -1 -1
293 146 8 -1 -1 -1 -1
294 146 8 -1 -1 -1 -1
295 147 8 -1 -1 -1 -1
296 147 8 -1 -1 -1 -1
297 148 8 -1 -1 -1 -1
298 148 8 -1 -1 -1 -1
299 149 8 -1 -1 -1 -1
300 149 8 -1 -1 -1 -1
301 150 8 -1 -1 -1 -1
302 150 8 -1 -1 -1 -1
303 151 8 -1 -1 -1 -1
304 151 8 -1 -1 -1 -1
305 152 8 -1 -1 -1 -1
306 152 8 -1 -1 -1 -1
307 153 8 -1 -1 -1 -1
308 153 8 -1 -1 -1 -1
309 154 8 -1 -1 -1 -1
310 154 8 -1 -1 -1 -1
311 155 8 -1 -1 -1 -1
312 155 8 -1 -1 -1 -1
313 156 8 -1 -1 -1 -1
314 156 8 -1 -1 -1 -1
315 157 8 -1 -1 -1 -1
316 157 8 -1 -1 -1 -1
317 158 8 -1 -1 -1 -1
318 158 8 -1 -1 -1 -1
319 159 8 -1 -1 -1 -1
320 159 8 -1 -1 -1 -1
321 160 8 -1 -1 -1 -1
322 160 8 -1 -1 -1 -1
323 161 8 -1 -1 -1 -1
324 161 8 -1 -1 -1 -1
325 162 8 -1 -1 -1 -1
326 162 8 -1 -1 -1 -1
327 163 8 -1 -1 -1 -1
328 163 8 -1 -1 -1 -1
329 164 8 -1 -1 -1 -1
330 164 8 -1 -1 -1 -1
331 165 8 -1 -1 -1 -1
332 165 8 -1 -1 -1 -1
333 166 8 -1 -1 -1 -1
334 166 8 -1 -1 -1 -1
335 167 8 -1 -1 -1 -1
336 167 8 -1 -1 -1 -1
337 168 8 -1 -1 -1 -1
338 168 8 -1 -1 -1 -1
339 169 8 -1 -1 -1 -1
340 169 8 -1 -1 -1 -1
341 170 8 -1 -1 -1 -1
342 170 8 -1 -1 -1 -1
343 171 8 -1 -1 -1 -1
344 171 8 -1 -1 -1 -1
345 172 8 -1 -1 -1 -1
346 172 8 -1 -1 -1 -1
347 173 8 -1 -1 -1 -1
348 173 8 -1 -1 -1 -1
349 174 8 -1 -1 -1 -1
350 174 8 -1 -1 -1 -1
351 175 8 -1 -1 -1 -1
352 175 8 -1 -1 -1 -1
353 176 8 -1 -1 -1 -1
354 176 8 -1 -1 -1 -1
355 177 8 -1 -1 -1 -1
356 177 8 -1 -1 -1 -1
357 178 8 -1 -1 -1 -1
358 178 8 -1 -1 -1 -1
359 179 8 -1 -1 -1 -1
360 179 8 -1 -1 -1 -1
361 180 8 -1 -1 -1 -1
362 180 8 -1 -1 -1 -1
363 181 8 -1 -1 -1 -1
364 181 8 -1 -1 -1 -1
365 182 8 -1 -1 -1 -1
366 182 8 -1 -1 -1 -1
367 183 8 -1 -1 -1 -1
368 183 8 -1 -1 -1 -1
369 184 8 -1 -1 -1 -1
370 184 8 -1 -1 -1 -1
371 185 8 -1 -1 -1 -1
372 185 8 -1 -1 -1 -1
373 186 8 -1 -1 -1 -1
374 186 8 -1 -1 -1 -1
375 187 8 -1 -1 -1 -1
376 187 8 -1 -1 -1 -1
377 188 8 -1 -1 -1 -1
378 188 8 -1 -1 -1 -1
379 189 8 -1 -1 -1 -1
380 189 8 -1 -1 -1 -1
381 190 8 -1 -1 -1 -1
382 190 8 -1 -1 -1 -1
383 191 8 -1 -1 -1 -1
384 191 8 -1 -1 -1 -1
385 192 8 -1 -1 -1 -1
386 192 8 -1 -1 -1 -1
387 193 8 -1 -1 -1 -1
388 193 8 -1 -1 -1 -1
389 194 8 -1 -1 -1 -1
390 194 8 -1 -1 -1 -1
391 195 8 -1 -1 -1 -1
392 195 8 -1 -1 -1 -1
393 196 8 -1 -1 -1 -1
394 196 8 -1 -1 -1 -1
395 197 8 -1 -1 -1 -1
396 197 8 -1 -1 -1 -1
397 198 8 -1 -1 -1 -1
398 198 8 -1 -1 -1 -1
399 199 8 -1 -1 -1 -1
400 199 8 -1 -1 -1 -1
401 200 8 -1 -1 -1 -1
402 200 8 -1 -1 -1 -1
403 201 8 -1 -1 -1 -1
404 201 8 -1 -1 -1 -1
405 202 8 -1 -1 -1 -1
406 202 8 -1 -1 -1 -1
407 203 8 -1 -1 -1 -1
408 203 8 -1 -1 -1 -1
409 204 8 -1 -1 -1 -1
410 204 8 -1 -1 -1 -1
411 205 8 -1 -1 -1 -1
412 205 8 -1 -1 -1 -1
413 206 8 -1 -1 -1 -1
414 206 8 -1 -1 -1 -1
415 207 8 -1 -1 -1 -1
416 207 8 -1 -1 -1 -1
417 208 8 -1 -1 -1 -1
418 208 8 -1 -1 -1 -1
419 209 8 -1 -1 -1 -1
420 209 8 -1 -1 -1 -1
421 210 8 -1 -1 -1 -1
422 210 8 -1 -1 -1 -1
423 211 8 -1 -1 -1 -1
424 211 8 -1 -1 -1 -1
425 212 8 -1 -1 -1 -1
426 212 8 -1 -1 -1 -1
427 213 8 -1 -1 -1 -1
428 213 8 -1 -1 -1 -1
429 214 8 -1 -1 -1 -1
430 214 8 -1 -1 -1 -1
431 215 8 -1 -1 -1 -1
432 215 8 -1 -1 -1 -1
433 216 8 -1 -1 -1 -1
434 216 8 -1 -1 -1 -1
435 217 8 -1 -1 -1 -1
436 217 8 -1 -1 -1 -1
437 218 8 -1 -1 -1 -1
438 218 8 -1 -1 -1 -1
439 219 8 -1 -1 -1 -1
440 219 8 -1 -1 -1 -1
441 220 8 -1 -1 -1 -1
442 220 8 -1 -1 -1 -1
443 221 8 -1 -1 -1 -1
444 221 8 -1 -1 -1 -1
445 222 8 -1 -1 -1 -1
446 222 8 -1 -1 -1 -1
447 223 8 -1 -1 -1 -1
448 223 8 -1 -1 -1 -1
449 224 8 -1 -1 -1 -1
450 224 8 -1 -1 -1 -1
451 225 8 -1 -1 -1 -1
452 225 8 -1 -1 -1 -1
453 226 8 -1 -1 -1 -1
454 226 8 -1 -1 -1 -1
455 227 8 -1 -1 -1 -1
456 227 8 -1 -1 -1 -1
457 228 8 -1 -1 -1 -1
458 228 8 -1 -1 -1 -1
459 229 8 -1 -1 -1 -1
460 229 8 -1 -1 -1 -1
461 230 8 -1 -1 -1 -1
462 230 8 -1 -1 -1 -1
463 231 8 -1 -1 -1 -1
464 231 8 -1 -1 -1 -1
465 232 8 -1 -1 -1 -1
466 232 8 -1 -1 -1 -1
467 233 8 -1 -1 -1 -1
468 233 8 -1 -1 -1 -1
469 234 8 -1 -1 -1 -1
470 234 8 -1 -1 -1 -1
471 235 8 -1 -1 -1 -1
472 235 8 -1 -1 -1 -1
473 236 8 -1 -1 -1 -1
474 236 8 -1 -1 -1 -1
475 237 8 -1 -1 -1 -1
476 237 8 -1 -1 -1 -1
477 238 8 -1 -1 -1 -1
478 238 8 -1 -1 -1 -1
479 239 8 -1 -1 -1 -1
480 239 8 -1 -1 -1 -1
481 240 8 -1 -1 -1 -1
482 240 8 -1 -1 -1 -1
483 241 8 -1 -1 -1 -1
484 241 8 -1 -1 -1 -1
485 242 8 -1 -1 -1 -1
486 242 8 -1 -1 -1 -1
487 243 8 -1 -1 -1 -1
488 243 8 -1 -1 -1 -1
489 244 8 -1 -1 -1 -1
490 244 8 -1 -1 -1 -1
491 245 8 -1 -1 -1 -1
492 245 8 -1 -1 -1 -1
493 246 8 -1 -1 -1 -1
494 246 8 -1 -1 -1 -1
495 247 8 -1 -1 -1 -1
496 247 8 -1 -1 -1 -1
497 248 8 -1 -1 -1 -1
498 248 8 -1 -1 -1 -1
499 249 8 -1 -1 -1 -1
500 249 8 -1 -1 -1 -1
501 250 8 -1 -1 -1 -1
502 250 8 -1 -1 -1 -1
503 251 8 -1 -1 -1 -1
504 251 8 -1 -1 -1 -1
505 252 8 -1 -1 -1 -1
506 252 8 -1 -1 -1 -1
507 253 8 -1 -1 -1 -1
508 253 8 -1 -1 -1 -1
509 254 8 -1 -1 -1 -1
510 254 8 -1 -1 -1 -1
